 1 - 2503508 2495372 2394823  	write: 944 945 945
 2 - 1218472 1207205 1173485	write: 945 944 946
 3 - 872231 836374 817143		write: 945 944 945
 4 - 872231 836374 817143		write: 942 943 943
 5 - 872231 836374 817143		write: 945 944 945
 6 - 929787 902664 875082		write: 939 940 940
 7 - 947120 934692 936368		write: 937 937 937
 8 - 912461 868105 882696		write: 936 937 936
 9 - 837707 851562 830475		write: 936 936 936
10 - 810160 868034 846396		write: 934 932 932
11 - 797538 846776 871028		write: 933 931 932
12 - 785386 885431 863036		write: 929 932 930
13 - 763764 815031 864105 		write: 930 929 930
14 - 765149 788678 828338 		write: 929 928 929
15 - 784599 821111 822710		write: 928 928 927
16 - 794033 865471 834823		write: 924 928 926
17 - 753855 792021 836279		write: 923 925 925
18 - 785749 775495 782356 		write: 921 922 922
19 - 757559 769076 780816		write: 922 923 922
20 - 761642 762990 761853 		write: 921 922 921
 1 - 2641407 2625307 2615228	write: 944 945 945
 2 - 3611797 3817504 3281617	write: 941 942 943
 3 - 4301877 4085433 4089033	write: 940 942 941
 4 - 3982930 3763160 3766358  	write: 938 940 940
 5 - 4882875 4201432 4050229  	write: 934 935 935
 6 - 4297597 3790319 3933408 	write: 932 935 936
 7 - 4166055 3821968 3815998 	write: 931 933 932
 8 - 4133192 3629620 3625941  	write: 928 931 930
 9 - 4088093 3794312 3821710  	write: 927 931 929
10 - 3897725 3482365 3485640  	write: 924 926 928
11 - 3955356 3539812 3501660  	write: 922 928 923
12 - 4398511 3845464 3789659  	write: 921 923 922
13 - 4546323 3848611 3701289	write: 912 918 924
14 - 4402260 3776676 3733032  	write: 916 918 919
15 - 4666139 3897642 3751262  	write: 912 917 917
16 - 4438277 3888257 3743167	write: 917 915 917
17 - 4152297 3863627 3740657	write: 914 916 914
18 - 4251530 3936217 3888553  	write: 910 913 913
19 - 4055953 3935280 3931336  	write: 912 909 911
20 - 4090968 4051035 4051087  	write: 907 910 909
 1 - 1676609 1673804 1687555   	write: 949 949 950
 2 - 2984029 3127194 3092937	write: 947 948 948
 3 - 4404676 4575984 4618363   	write: 946 947 947
 4 - 5887153 6157506 6483698    write: 947 948 947
 5 - 7385234 8006858 8060616    write: 946 947 948
 6 - 8502766 9088050 9162963    write: 946 947 947
 7 - 9679435 10038345 10153702  write: 947 946 947
 8 - 10022977 10047415 11546187	write: 947 946 947
 9 - 11062490 12867784 18985241	write: 947 947 946
10 - 9549139 11180258 13577181 	write: 946 944 946
11 - 10090190 14766587 14937311	write: 947 946 946
12 - 10679705 12341652 14999086 write: 947 946 945
13 - 10518733 16825825 7480038 	write: 947 946 946
14 - 15416974 18871628 7319435	write: 947 946 946
15 - 13598986 17599454 12625679	write: 934 945 945
16 - 14619659 13093027 8024535	write: 945 945 945
17 - 12226994 10249800 10072690 write: 946 945 947
18 - 16740320 12259046 8134155	write: 946 945 945
19 - 18936082 10542723 8530592	write: 945 946 945
20 - 11645948 10777919 9044341	write: 947 946 945